(kicad_pcb (version 20171130) (host pcbnew "(5.1.5)-3")

  (general
    (thickness 1.6)
    (drawings 4)
    (tracks 0)
    (zones 0)
    (modules 42)
    (nets 102)
  )

  (page A4)
  (layers
    (0 F.Cu signal)
    (31 B.Cu signal)
    (32 B.Adhes user)
    (33 F.Adhes user)
    (34 B.Paste user)
    (35 F.Paste user)
    (36 B.SilkS user)
    (37 F.SilkS user)
    (38 B.Mask user)
    (39 F.Mask user)
    (40 Dwgs.User user)
    (41 Cmts.User user)
    (42 Eco1.User user)
    (43 Eco2.User user)
    (44 Edge.Cuts user)
    (45 Margin user)
    (46 B.CrtYd user)
    (47 F.CrtYd user)
    (48 B.Fab user)
    (49 F.Fab user)
  )

  (setup
    (last_trace_width 0.25)
    (user_trace_width 0.1524)
    (user_trace_width 0.2)
    (user_trace_width 0.3)
    (user_trace_width 0.5)
    (trace_clearance 0.2)
    (zone_clearance 0.508)
    (zone_45_only no)
    (trace_min 0.1524)
    (via_size 0.8)
    (via_drill 0.4)
    (via_min_size 0.6)
    (via_min_drill 0.3)
    (user_via 0.6 0.3)
    (uvia_size 0.3)
    (uvia_drill 0.1)
    (uvias_allowed no)
    (uvia_min_size 0.2)
    (uvia_min_drill 0.1)
    (edge_width 0.05)
    (segment_width 0.2)
    (pcb_text_width 0.3)
    (pcb_text_size 1.5 1.5)
    (mod_edge_width 0.12)
    (mod_text_size 1 1)
    (mod_text_width 0.15)
    (pad_size 1.524 1.524)
    (pad_drill 0.762)
    (pad_to_mask_clearance 0.051)
    (solder_mask_min_width 0.25)
    (aux_axis_origin 0 0)
    (grid_origin 100 100)
    (visible_elements 7FFFFFFF)
    (pcbplotparams
      (layerselection 0x010fc_ffffffff)
      (usegerberextensions false)
      (usegerberattributes false)
      (usegerberadvancedattributes false)
      (creategerberjobfile false)
      (excludeedgelayer true)
      (linewidth 0.100000)
      (plotframeref false)
      (viasonmask false)
      (mode 1)
      (useauxorigin false)
      (hpglpennumber 1)
      (hpglpenspeed 20)
      (hpglpendiameter 15.000000)
      (psnegative false)
      (psa4output false)
      (plotreference true)
      (plotvalue true)
      (plotinvisibletext false)
      (padsonsilk false)
      (subtractmaskfromsilk false)
      (outputformat 1)
      (mirror false)
      (drillshape 1)
      (scaleselection 1)
      (outputdirectory ""))
  )

  (net 0 "")
  (net 1 GND)
  (net 2 +5V)
  (net 3 +1V8)
  (net 4 +3V3)
  (net 5 /HS_SPI1_MOSI)
  (net 6 /HS_CSI0_CLK_P)
  (net 7 "Net-(J1-Pad3)")
  (net 8 /HS_CSI0_CLK_N)
  (net 9 "Net-(J1-Pad5)")
  (net 10 /HS_SPI1_CS)
  (net 11 /HS_CSI0_D0_P)
  (net 12 /HS_SPI1_SCLK)
  (net 13 /HS_CSI0_D0_N)
  (net 14 /HS_SPI1_MISO)
  (net 15 /HS_CSI0_D1_P)
  (net 16 /HS_CSI0_MCLK)
  (net 17 /HS_CSI0_D1_N)
  (net 18 /HS_CSI1_MCLK)
  (net 19 /HS_CSI0_D2_P)
  (net 20 /HS_DSI_CLK_P)
  (net 21 /HS_CSI0_D2_N)
  (net 22 /HS_DSI_CLK_N)
  (net 23 /HS_CSI0_D3_P)
  (net 24 /HS_DSI_D0_P)
  (net 25 /HS_CSI0_D3_N)
  (net 26 /HS_DSI_D0_N)
  (net 27 /HS_I2C2_SCL)
  (net 28 /HS_DSI_D1_P)
  (net 29 /HS_I2C2_SDA)
  (net 30 /HS_DSI_D1_N)
  (net 31 /HS_I2C3_SCL)
  (net 32 /HS_I2C3_SDA)
  (net 33 /HS_DSI_D2_P)
  (net 34 /HS_DSI_D2_N)
  (net 35 /HS_CSI1_D0_P)
  (net 36 /HS_CSI1_D0_N)
  (net 37 /HS_DSI_D3_P)
  (net 38 /HS_DSI_D3_N)
  (net 39 /HS_CSI1_D1_P)
  (net 40 /HS_CSI1_D1_N)
  (net 41 /HS_USB2D3_P)
  (net 42 /HS_USB2D3_N)
  (net 43 /HS_CSI1_CLK_P)
  (net 44 "Net-(J1-Pad56)")
  (net 45 "Net-(J1-Pad57)")
  (net 46 "Net-(J1-Pad59)")
  (net 47 "Net-(J1-Pad60)")
  (net 48 /LS_GPIO_0)
  (net 49 /PWR_PB_N)
  (net 50 /LS_GPIO_1)
  (net 51 /RST_PB_N)
  (net 52 /LS_GPIO_2)
  (net 53 /LS_SPI0_SCLK)
  (net 54 /LS_GPIO_3)
  (net 55 /LS_SPI0_MISO)
  (net 56 /LS_GPIO_4)
  (net 57 /LS_SPI0_CS)
  (net 58 /LS_GPIO_5)
  (net 59 /LS_SPI0_MOSI)
  (net 60 /LS_I2C0_SCL)
  (net 61 /LS_GPIO_9)
  (net 62 /LS_I2C0_SDA)
  (net 63 /LS_GPIO_10)
  (net 64 /LS_I2C1_SCL)
  (net 65 /LS_GPIO_11)
  (net 66 /LS_I2C1_SDA)
  (net 67 /LS_GPIO_12)
  (net 68 /LS_PS_GPIO_0)
  (net 69 /LS_PS_GPIO_1)
  (net 70 /LS_PS_GPIO_2)
  (net 71 /LS_PS_GPIO_3)
  (net 72 /LS_PS_GPIO_4)
  (net 73 /LS_PS_GPIO_5)
  (net 74 /LS_GPIO_6)
  (net 75 /LS_GPIO_13)
  (net 76 /LS_GPIO_7)
  (net 77 /LS_GPIO_14)
  (net 78 /LS_GPIO_8)
  (net 79 /LS_GPIO_15)
  (net 80 /VSYS_IN0)
  (net 81 /VSYS_IN1)
  (net 82 /CAM0_GPIO)
  (net 83 /CAM0_CLK)
  (net 84 /CAM0_SCL)
  (net 85 /CAM0_SDA)
  (net 86 /CAM1_SDA)
  (net 87 /CAM1_SCL)
  (net 88 /CAM1_CLK)
  (net 89 /CAM1_GPIO)
  (net 90 /HS_CSI1_CLK_N)
  (net 91 "Net-(R1-Pad1)")
  (net 92 "Net-(R2-Pad1)")
  (net 93 "Net-(R3-Pad1)")
  (net 94 "Net-(R4-Pad1)")
  (net 95 "Net-(R7-Pad2)")
  (net 96 "Net-(R8-Pad2)")
  (net 97 "Net-(R9-Pad2)")
  (net 98 "Net-(R10-Pad2)")
  (net 99 "Net-(R11-Pad2)")
  (net 100 "Net-(R18-Pad2)")
  (net 101 "Net-(U1-Pad2)")

  (net_class Default "これはデフォルトのネット クラスです。"
    (clearance 0.2)
    (trace_width 0.25)
    (via_dia 0.8)
    (via_drill 0.4)
    (uvia_dia 0.3)
    (uvia_drill 0.1)
    (add_net +1V8)
    (add_net +3V3)
    (add_net +5V)
    (add_net /CAM0_CLK)
    (add_net /CAM0_GPIO)
    (add_net /CAM0_SCL)
    (add_net /CAM0_SDA)
    (add_net /CAM1_CLK)
    (add_net /CAM1_GPIO)
    (add_net /CAM1_SCL)
    (add_net /CAM1_SDA)
    (add_net /HS_CSI0_CLK_N)
    (add_net /HS_CSI0_CLK_P)
    (add_net /HS_CSI0_D0_N)
    (add_net /HS_CSI0_D0_P)
    (add_net /HS_CSI0_D1_N)
    (add_net /HS_CSI0_D1_P)
    (add_net /HS_CSI0_D2_N)
    (add_net /HS_CSI0_D2_P)
    (add_net /HS_CSI0_D3_N)
    (add_net /HS_CSI0_D3_P)
    (add_net /HS_CSI0_MCLK)
    (add_net /HS_CSI1_CLK_N)
    (add_net /HS_CSI1_CLK_P)
    (add_net /HS_CSI1_D0_N)
    (add_net /HS_CSI1_D0_P)
    (add_net /HS_CSI1_D1_N)
    (add_net /HS_CSI1_D1_P)
    (add_net /HS_CSI1_MCLK)
    (add_net /HS_DSI_CLK_N)
    (add_net /HS_DSI_CLK_P)
    (add_net /HS_DSI_D0_N)
    (add_net /HS_DSI_D0_P)
    (add_net /HS_DSI_D1_N)
    (add_net /HS_DSI_D1_P)
    (add_net /HS_DSI_D2_N)
    (add_net /HS_DSI_D2_P)
    (add_net /HS_DSI_D3_N)
    (add_net /HS_DSI_D3_P)
    (add_net /HS_I2C2_SCL)
    (add_net /HS_I2C2_SDA)
    (add_net /HS_I2C3_SCL)
    (add_net /HS_I2C3_SDA)
    (add_net /HS_SPI1_CS)
    (add_net /HS_SPI1_MISO)
    (add_net /HS_SPI1_MOSI)
    (add_net /HS_SPI1_SCLK)
    (add_net /HS_USB2D3_N)
    (add_net /HS_USB2D3_P)
    (add_net /LS_GPIO_0)
    (add_net /LS_GPIO_1)
    (add_net /LS_GPIO_10)
    (add_net /LS_GPIO_11)
    (add_net /LS_GPIO_12)
    (add_net /LS_GPIO_13)
    (add_net /LS_GPIO_14)
    (add_net /LS_GPIO_15)
    (add_net /LS_GPIO_2)
    (add_net /LS_GPIO_3)
    (add_net /LS_GPIO_4)
    (add_net /LS_GPIO_5)
    (add_net /LS_GPIO_6)
    (add_net /LS_GPIO_7)
    (add_net /LS_GPIO_8)
    (add_net /LS_GPIO_9)
    (add_net /LS_I2C0_SCL)
    (add_net /LS_I2C0_SDA)
    (add_net /LS_I2C1_SCL)
    (add_net /LS_I2C1_SDA)
    (add_net /LS_PS_GPIO_0)
    (add_net /LS_PS_GPIO_1)
    (add_net /LS_PS_GPIO_2)
    (add_net /LS_PS_GPIO_3)
    (add_net /LS_PS_GPIO_4)
    (add_net /LS_PS_GPIO_5)
    (add_net /LS_SPI0_CS)
    (add_net /LS_SPI0_MISO)
    (add_net /LS_SPI0_MOSI)
    (add_net /LS_SPI0_SCLK)
    (add_net /PWR_PB_N)
    (add_net /RST_PB_N)
    (add_net /VSYS_IN0)
    (add_net /VSYS_IN1)
    (add_net GND)
    (add_net "Net-(J1-Pad3)")
    (add_net "Net-(J1-Pad5)")
    (add_net "Net-(J1-Pad56)")
    (add_net "Net-(J1-Pad57)")
    (add_net "Net-(J1-Pad59)")
    (add_net "Net-(J1-Pad60)")
    (add_net "Net-(R1-Pad1)")
    (add_net "Net-(R10-Pad2)")
    (add_net "Net-(R11-Pad2)")
    (add_net "Net-(R18-Pad2)")
    (add_net "Net-(R2-Pad1)")
    (add_net "Net-(R3-Pad1)")
    (add_net "Net-(R4-Pad1)")
    (add_net "Net-(R7-Pad2)")
    (add_net "Net-(R8-Pad2)")
    (add_net "Net-(R9-Pad2)")
    (add_net "Net-(U1-Pad2)")
  )

  (module MountingHole:MountingHole_2.5mm_Pad (layer F.Cu) (tedit 56D1B4CB) (tstamp 5E22CBF6)
    (at 104 135.5)
    (descr "Mounting Hole 2.5mm")
    (tags "mounting hole 2.5mm")
    (attr virtual)
    (fp_text reference REF** (at 0 -3.5) (layer F.SilkS)
      (effects (font (size 1 1) (thickness 0.15)))
    )
    (fp_text value MountingHole_2.5mm_Pad (at 0 3.5) (layer F.Fab)
      (effects (font (size 1 1) (thickness 0.15)))
    )
    (fp_text user %R (at 0.3 0) (layer F.Fab)
      (effects (font (size 1 1) (thickness 0.15)))
    )
    (fp_circle (center 0 0) (end 2.5 0) (layer Cmts.User) (width 0.15))
    (fp_circle (center 0 0) (end 2.75 0) (layer F.CrtYd) (width 0.05))
    (pad 1 thru_hole circle (at 0 0) (size 5 5) (drill 2.5) (layers *.Cu *.Mask))
  )

  (module MountingHole:MountingHole_2.5mm_Pad (layer F.Cu) (tedit 56D1B4CB) (tstamp 5E22CBA7)
    (at 104 104)
    (descr "Mounting Hole 2.5mm")
    (tags "mounting hole 2.5mm")
    (attr virtual)
    (fp_text reference REF** (at 0 -3.5) (layer F.SilkS)
      (effects (font (size 1 1) (thickness 0.15)))
    )
    (fp_text value MountingHole_2.5mm_Pad (at 0 3.5) (layer F.Fab)
      (effects (font (size 1 1) (thickness 0.15)))
    )
    (fp_circle (center 0 0) (end 2.75 0) (layer F.CrtYd) (width 0.05))
    (fp_circle (center 0 0) (end 2.5 0) (layer Cmts.User) (width 0.15))
    (fp_text user %R (at 0.3 0) (layer F.Fab)
      (effects (font (size 1 1) (thickness 0.15)))
    )
    (pad 1 thru_hole circle (at 0 0) (size 5 5) (drill 2.5) (layers *.Cu *.Mask))
  )

  (module Capacitor_SMD:C_0603_1608Metric (layer F.Cu) (tedit 5B301BBE) (tstamp 5E221754)
    (at 139.485001 73.015001)
    (descr "Capacitor SMD 0603 (1608 Metric), square (rectangular) end terminal, IPC_7351 nominal, (Body size source: http://www.tortai-tech.com/upload/download/2011102023233369053.pdf), generated with kicad-footprint-generator")
    (tags capacitor)
    (path /5E293E2A)
    (attr smd)
    (fp_text reference C1 (at 0 -1.43) (layer F.SilkS)
      (effects (font (size 1 1) (thickness 0.15)))
    )
    (fp_text value 10uF (at 0 1.43) (layer F.Fab)
      (effects (font (size 1 1) (thickness 0.15)))
    )
    (fp_text user %R (at 0 0) (layer F.Fab)
      (effects (font (size 0.4 0.4) (thickness 0.06)))
    )
    (fp_line (start 1.48 0.73) (end -1.48 0.73) (layer F.CrtYd) (width 0.05))
    (fp_line (start 1.48 -0.73) (end 1.48 0.73) (layer F.CrtYd) (width 0.05))
    (fp_line (start -1.48 -0.73) (end 1.48 -0.73) (layer F.CrtYd) (width 0.05))
    (fp_line (start -1.48 0.73) (end -1.48 -0.73) (layer F.CrtYd) (width 0.05))
    (fp_line (start -0.162779 0.51) (end 0.162779 0.51) (layer F.SilkS) (width 0.12))
    (fp_line (start -0.162779 -0.51) (end 0.162779 -0.51) (layer F.SilkS) (width 0.12))
    (fp_line (start 0.8 0.4) (end -0.8 0.4) (layer F.Fab) (width 0.1))
    (fp_line (start 0.8 -0.4) (end 0.8 0.4) (layer F.Fab) (width 0.1))
    (fp_line (start -0.8 -0.4) (end 0.8 -0.4) (layer F.Fab) (width 0.1))
    (fp_line (start -0.8 0.4) (end -0.8 -0.4) (layer F.Fab) (width 0.1))
    (pad 2 smd roundrect (at 0.7875 0) (size 0.875 0.95) (layers F.Cu F.Paste F.Mask) (roundrect_rratio 0.25)
      (net 1 GND))
    (pad 1 smd roundrect (at -0.7875 0) (size 0.875 0.95) (layers F.Cu F.Paste F.Mask) (roundrect_rratio 0.25)
      (net 2 +5V))
    (model ${KISYS3DMOD}/Capacitor_SMD.3dshapes/C_0603_1608Metric.wrl
      (at (xyz 0 0 0))
      (scale (xyz 1 1 1))
      (rotate (xyz 0 0 0))
    )
  )

  (module Capacitor_SMD:C_0603_1608Metric (layer F.Cu) (tedit 5B301BBE) (tstamp 5E221765)
    (at 151.515001 70.505001)
    (descr "Capacitor SMD 0603 (1608 Metric), square (rectangular) end terminal, IPC_7351 nominal, (Body size source: http://www.tortai-tech.com/upload/download/2011102023233369053.pdf), generated with kicad-footprint-generator")
    (tags capacitor)
    (path /5E2949D0)
    (attr smd)
    (fp_text reference C2 (at 0 -1.43) (layer F.SilkS)
      (effects (font (size 1 1) (thickness 0.15)))
    )
    (fp_text value 10uF (at 0 1.43) (layer F.Fab)
      (effects (font (size 1 1) (thickness 0.15)))
    )
    (fp_line (start -0.8 0.4) (end -0.8 -0.4) (layer F.Fab) (width 0.1))
    (fp_line (start -0.8 -0.4) (end 0.8 -0.4) (layer F.Fab) (width 0.1))
    (fp_line (start 0.8 -0.4) (end 0.8 0.4) (layer F.Fab) (width 0.1))
    (fp_line (start 0.8 0.4) (end -0.8 0.4) (layer F.Fab) (width 0.1))
    (fp_line (start -0.162779 -0.51) (end 0.162779 -0.51) (layer F.SilkS) (width 0.12))
    (fp_line (start -0.162779 0.51) (end 0.162779 0.51) (layer F.SilkS) (width 0.12))
    (fp_line (start -1.48 0.73) (end -1.48 -0.73) (layer F.CrtYd) (width 0.05))
    (fp_line (start -1.48 -0.73) (end 1.48 -0.73) (layer F.CrtYd) (width 0.05))
    (fp_line (start 1.48 -0.73) (end 1.48 0.73) (layer F.CrtYd) (width 0.05))
    (fp_line (start 1.48 0.73) (end -1.48 0.73) (layer F.CrtYd) (width 0.05))
    (fp_text user %R (at 0 0) (layer F.Fab)
      (effects (font (size 0.4 0.4) (thickness 0.06)))
    )
    (pad 1 smd roundrect (at -0.7875 0) (size 0.875 0.95) (layers F.Cu F.Paste F.Mask) (roundrect_rratio 0.25)
      (net 3 +1V8))
    (pad 2 smd roundrect (at 0.7875 0) (size 0.875 0.95) (layers F.Cu F.Paste F.Mask) (roundrect_rratio 0.25)
      (net 1 GND))
    (model ${KISYS3DMOD}/Capacitor_SMD.3dshapes/C_0603_1608Metric.wrl
      (at (xyz 0 0 0))
      (scale (xyz 1 1 1))
      (rotate (xyz 0 0 0))
    )
  )

  (module Capacitor_SMD:C_0603_1608Metric (layer F.Cu) (tedit 5B301BBE) (tstamp 5E22750C)
    (at 139.485001 80.545001)
    (descr "Capacitor SMD 0603 (1608 Metric), square (rectangular) end terminal, IPC_7351 nominal, (Body size source: http://www.tortai-tech.com/upload/download/2011102023233369053.pdf), generated with kicad-footprint-generator")
    (tags capacitor)
    (path /5E2AF5E8)
    (attr smd)
    (fp_text reference C3 (at 0 -1.43) (layer F.SilkS)
      (effects (font (size 1 1) (thickness 0.15)))
    )
    (fp_text value 4.7uF (at 0 1.43) (layer F.Fab)
      (effects (font (size 1 1) (thickness 0.15)))
    )
    (fp_text user %R (at 0 0) (layer F.Fab)
      (effects (font (size 0.4 0.4) (thickness 0.06)))
    )
    (fp_line (start 1.48 0.73) (end -1.48 0.73) (layer F.CrtYd) (width 0.05))
    (fp_line (start 1.48 -0.73) (end 1.48 0.73) (layer F.CrtYd) (width 0.05))
    (fp_line (start -1.48 -0.73) (end 1.48 -0.73) (layer F.CrtYd) (width 0.05))
    (fp_line (start -1.48 0.73) (end -1.48 -0.73) (layer F.CrtYd) (width 0.05))
    (fp_line (start -0.162779 0.51) (end 0.162779 0.51) (layer F.SilkS) (width 0.12))
    (fp_line (start -0.162779 -0.51) (end 0.162779 -0.51) (layer F.SilkS) (width 0.12))
    (fp_line (start 0.8 0.4) (end -0.8 0.4) (layer F.Fab) (width 0.1))
    (fp_line (start 0.8 -0.4) (end 0.8 0.4) (layer F.Fab) (width 0.1))
    (fp_line (start -0.8 -0.4) (end 0.8 -0.4) (layer F.Fab) (width 0.1))
    (fp_line (start -0.8 0.4) (end -0.8 -0.4) (layer F.Fab) (width 0.1))
    (pad 2 smd roundrect (at 0.7875 0) (size 0.875 0.95) (layers F.Cu F.Paste F.Mask) (roundrect_rratio 0.25)
      (net 1 GND))
    (pad 1 smd roundrect (at -0.7875 0) (size 0.875 0.95) (layers F.Cu F.Paste F.Mask) (roundrect_rratio 0.25)
      (net 2 +5V))
    (model ${KISYS3DMOD}/Capacitor_SMD.3dshapes/C_0603_1608Metric.wrl
      (at (xyz 0 0 0))
      (scale (xyz 1 1 1))
      (rotate (xyz 0 0 0))
    )
  )

  (module Capacitor_SMD:C_0603_1608Metric (layer F.Cu) (tedit 5B301BBE) (tstamp 5E221787)
    (at 144.425001 67.995001)
    (descr "Capacitor SMD 0603 (1608 Metric), square (rectangular) end terminal, IPC_7351 nominal, (Body size source: http://www.tortai-tech.com/upload/download/2011102023233369053.pdf), generated with kicad-footprint-generator")
    (tags capacitor)
    (path /5E3AB082)
    (attr smd)
    (fp_text reference C4 (at 0 -1.43) (layer F.SilkS)
      (effects (font (size 1 1) (thickness 0.15)))
    )
    (fp_text value 0.1uF (at 0 1.43) (layer F.Fab)
      (effects (font (size 1 1) (thickness 0.15)))
    )
    (fp_text user %R (at 0 0) (layer F.Fab)
      (effects (font (size 0.4 0.4) (thickness 0.06)))
    )
    (fp_line (start 1.48 0.73) (end -1.48 0.73) (layer F.CrtYd) (width 0.05))
    (fp_line (start 1.48 -0.73) (end 1.48 0.73) (layer F.CrtYd) (width 0.05))
    (fp_line (start -1.48 -0.73) (end 1.48 -0.73) (layer F.CrtYd) (width 0.05))
    (fp_line (start -1.48 0.73) (end -1.48 -0.73) (layer F.CrtYd) (width 0.05))
    (fp_line (start -0.162779 0.51) (end 0.162779 0.51) (layer F.SilkS) (width 0.12))
    (fp_line (start -0.162779 -0.51) (end 0.162779 -0.51) (layer F.SilkS) (width 0.12))
    (fp_line (start 0.8 0.4) (end -0.8 0.4) (layer F.Fab) (width 0.1))
    (fp_line (start 0.8 -0.4) (end 0.8 0.4) (layer F.Fab) (width 0.1))
    (fp_line (start -0.8 -0.4) (end 0.8 -0.4) (layer F.Fab) (width 0.1))
    (fp_line (start -0.8 0.4) (end -0.8 -0.4) (layer F.Fab) (width 0.1))
    (pad 2 smd roundrect (at 0.7875 0) (size 0.875 0.95) (layers F.Cu F.Paste F.Mask) (roundrect_rratio 0.25)
      (net 1 GND))
    (pad 1 smd roundrect (at -0.7875 0) (size 0.875 0.95) (layers F.Cu F.Paste F.Mask) (roundrect_rratio 0.25)
      (net 3 +1V8))
    (model ${KISYS3DMOD}/Capacitor_SMD.3dshapes/C_0603_1608Metric.wrl
      (at (xyz 0 0 0))
      (scale (xyz 1 1 1))
      (rotate (xyz 0 0 0))
    )
  )

  (module Capacitor_SMD:C_0603_1608Metric (layer F.Cu) (tedit 5B301BBE) (tstamp 5E221798)
    (at 148.435001 67.995001)
    (descr "Capacitor SMD 0603 (1608 Metric), square (rectangular) end terminal, IPC_7351 nominal, (Body size source: http://www.tortai-tech.com/upload/download/2011102023233369053.pdf), generated with kicad-footprint-generator")
    (tags capacitor)
    (path /5E301948)
    (attr smd)
    (fp_text reference C5 (at 0 -1.43) (layer F.SilkS)
      (effects (font (size 1 1) (thickness 0.15)))
    )
    (fp_text value 0.1uF (at 0 1.43) (layer F.Fab)
      (effects (font (size 1 1) (thickness 0.15)))
    )
    (fp_line (start -0.8 0.4) (end -0.8 -0.4) (layer F.Fab) (width 0.1))
    (fp_line (start -0.8 -0.4) (end 0.8 -0.4) (layer F.Fab) (width 0.1))
    (fp_line (start 0.8 -0.4) (end 0.8 0.4) (layer F.Fab) (width 0.1))
    (fp_line (start 0.8 0.4) (end -0.8 0.4) (layer F.Fab) (width 0.1))
    (fp_line (start -0.162779 -0.51) (end 0.162779 -0.51) (layer F.SilkS) (width 0.12))
    (fp_line (start -0.162779 0.51) (end 0.162779 0.51) (layer F.SilkS) (width 0.12))
    (fp_line (start -1.48 0.73) (end -1.48 -0.73) (layer F.CrtYd) (width 0.05))
    (fp_line (start -1.48 -0.73) (end 1.48 -0.73) (layer F.CrtYd) (width 0.05))
    (fp_line (start 1.48 -0.73) (end 1.48 0.73) (layer F.CrtYd) (width 0.05))
    (fp_line (start 1.48 0.73) (end -1.48 0.73) (layer F.CrtYd) (width 0.05))
    (fp_text user %R (at 0 0) (layer F.Fab)
      (effects (font (size 0.4 0.4) (thickness 0.06)))
    )
    (pad 1 smd roundrect (at -0.7875 0) (size 0.875 0.95) (layers F.Cu F.Paste F.Mask) (roundrect_rratio 0.25)
      (net 3 +1V8))
    (pad 2 smd roundrect (at 0.7875 0) (size 0.875 0.95) (layers F.Cu F.Paste F.Mask) (roundrect_rratio 0.25)
      (net 1 GND))
    (model ${KISYS3DMOD}/Capacitor_SMD.3dshapes/C_0603_1608Metric.wrl
      (at (xyz 0 0 0))
      (scale (xyz 1 1 1))
      (rotate (xyz 0 0 0))
    )
  )

  (module Capacitor_SMD:C_0603_1608Metric (layer F.Cu) (tedit 5B301BBE) (tstamp 5E2217A9)
    (at 131.465001 70.505001)
    (descr "Capacitor SMD 0603 (1608 Metric), square (rectangular) end terminal, IPC_7351 nominal, (Body size source: http://www.tortai-tech.com/upload/download/2011102023233369053.pdf), generated with kicad-footprint-generator")
    (tags capacitor)
    (path /5E243796)
    (attr smd)
    (fp_text reference C6 (at 0 -1.43) (layer F.SilkS)
      (effects (font (size 1 1) (thickness 0.15)))
    )
    (fp_text value 4.7uF (at 0 1.43) (layer F.Fab)
      (effects (font (size 1 1) (thickness 0.15)))
    )
    (fp_line (start -0.8 0.4) (end -0.8 -0.4) (layer F.Fab) (width 0.1))
    (fp_line (start -0.8 -0.4) (end 0.8 -0.4) (layer F.Fab) (width 0.1))
    (fp_line (start 0.8 -0.4) (end 0.8 0.4) (layer F.Fab) (width 0.1))
    (fp_line (start 0.8 0.4) (end -0.8 0.4) (layer F.Fab) (width 0.1))
    (fp_line (start -0.162779 -0.51) (end 0.162779 -0.51) (layer F.SilkS) (width 0.12))
    (fp_line (start -0.162779 0.51) (end 0.162779 0.51) (layer F.SilkS) (width 0.12))
    (fp_line (start -1.48 0.73) (end -1.48 -0.73) (layer F.CrtYd) (width 0.05))
    (fp_line (start -1.48 -0.73) (end 1.48 -0.73) (layer F.CrtYd) (width 0.05))
    (fp_line (start 1.48 -0.73) (end 1.48 0.73) (layer F.CrtYd) (width 0.05))
    (fp_line (start 1.48 0.73) (end -1.48 0.73) (layer F.CrtYd) (width 0.05))
    (fp_text user %R (at 0 0) (layer F.Fab)
      (effects (font (size 0.4 0.4) (thickness 0.06)))
    )
    (pad 1 smd roundrect (at -0.7875 0) (size 0.875 0.95) (layers F.Cu F.Paste F.Mask) (roundrect_rratio 0.25)
      (net 4 +3V3))
    (pad 2 smd roundrect (at 0.7875 0) (size 0.875 0.95) (layers F.Cu F.Paste F.Mask) (roundrect_rratio 0.25)
      (net 1 GND))
    (model ${KISYS3DMOD}/Capacitor_SMD.3dshapes/C_0603_1608Metric.wrl
      (at (xyz 0 0 0))
      (scale (xyz 1 1 1))
      (rotate (xyz 0 0 0))
    )
  )

  (module Capacitor_SMD:C_0603_1608Metric (layer F.Cu) (tedit 5B301BBE) (tstamp 5E2217BA)
    (at 135.475001 70.195001)
    (descr "Capacitor SMD 0603 (1608 Metric), square (rectangular) end terminal, IPC_7351 nominal, (Body size source: http://www.tortai-tech.com/upload/download/2011102023233369053.pdf), generated with kicad-footprint-generator")
    (tags capacitor)
    (path /5E3AB0AC)
    (attr smd)
    (fp_text reference C7 (at 0 -1.43) (layer F.SilkS)
      (effects (font (size 1 1) (thickness 0.15)))
    )
    (fp_text value 0.1uF (at 0 1.43) (layer F.Fab)
      (effects (font (size 1 1) (thickness 0.15)))
    )
    (fp_text user %R (at 0 0) (layer F.Fab)
      (effects (font (size 0.4 0.4) (thickness 0.06)))
    )
    (fp_line (start 1.48 0.73) (end -1.48 0.73) (layer F.CrtYd) (width 0.05))
    (fp_line (start 1.48 -0.73) (end 1.48 0.73) (layer F.CrtYd) (width 0.05))
    (fp_line (start -1.48 -0.73) (end 1.48 -0.73) (layer F.CrtYd) (width 0.05))
    (fp_line (start -1.48 0.73) (end -1.48 -0.73) (layer F.CrtYd) (width 0.05))
    (fp_line (start -0.162779 0.51) (end 0.162779 0.51) (layer F.SilkS) (width 0.12))
    (fp_line (start -0.162779 -0.51) (end 0.162779 -0.51) (layer F.SilkS) (width 0.12))
    (fp_line (start 0.8 0.4) (end -0.8 0.4) (layer F.Fab) (width 0.1))
    (fp_line (start 0.8 -0.4) (end 0.8 0.4) (layer F.Fab) (width 0.1))
    (fp_line (start -0.8 -0.4) (end 0.8 -0.4) (layer F.Fab) (width 0.1))
    (fp_line (start -0.8 0.4) (end -0.8 -0.4) (layer F.Fab) (width 0.1))
    (pad 2 smd roundrect (at 0.7875 0) (size 0.875 0.95) (layers F.Cu F.Paste F.Mask) (roundrect_rratio 0.25)
      (net 1 GND))
    (pad 1 smd roundrect (at -0.7875 0) (size 0.875 0.95) (layers F.Cu F.Paste F.Mask) (roundrect_rratio 0.25)
      (net 4 +3V3))
    (model ${KISYS3DMOD}/Capacitor_SMD.3dshapes/C_0603_1608Metric.wrl
      (at (xyz 0 0 0))
      (scale (xyz 1 1 1))
      (rotate (xyz 0 0 0))
    )
  )

  (module Capacitor_SMD:C_0603_1608Metric (layer F.Cu) (tedit 5B301BBE) (tstamp 5E2217CB)
    (at 135.475001 72.705001)
    (descr "Capacitor SMD 0603 (1608 Metric), square (rectangular) end terminal, IPC_7351 nominal, (Body size source: http://www.tortai-tech.com/upload/download/2011102023233369053.pdf), generated with kicad-footprint-generator")
    (tags capacitor)
    (path /5E35F2D1)
    (attr smd)
    (fp_text reference C8 (at 0 -1.43) (layer F.SilkS)
      (effects (font (size 1 1) (thickness 0.15)))
    )
    (fp_text value 0.1uF (at 0 1.43) (layer F.Fab)
      (effects (font (size 1 1) (thickness 0.15)))
    )
    (fp_line (start -0.8 0.4) (end -0.8 -0.4) (layer F.Fab) (width 0.1))
    (fp_line (start -0.8 -0.4) (end 0.8 -0.4) (layer F.Fab) (width 0.1))
    (fp_line (start 0.8 -0.4) (end 0.8 0.4) (layer F.Fab) (width 0.1))
    (fp_line (start 0.8 0.4) (end -0.8 0.4) (layer F.Fab) (width 0.1))
    (fp_line (start -0.162779 -0.51) (end 0.162779 -0.51) (layer F.SilkS) (width 0.12))
    (fp_line (start -0.162779 0.51) (end 0.162779 0.51) (layer F.SilkS) (width 0.12))
    (fp_line (start -1.48 0.73) (end -1.48 -0.73) (layer F.CrtYd) (width 0.05))
    (fp_line (start -1.48 -0.73) (end 1.48 -0.73) (layer F.CrtYd) (width 0.05))
    (fp_line (start 1.48 -0.73) (end 1.48 0.73) (layer F.CrtYd) (width 0.05))
    (fp_line (start 1.48 0.73) (end -1.48 0.73) (layer F.CrtYd) (width 0.05))
    (fp_text user %R (at 0 0) (layer F.Fab)
      (effects (font (size 0.4 0.4) (thickness 0.06)))
    )
    (pad 1 smd roundrect (at -0.7875 0) (size 0.875 0.95) (layers F.Cu F.Paste F.Mask) (roundrect_rratio 0.25)
      (net 4 +3V3))
    (pad 2 smd roundrect (at 0.7875 0) (size 0.875 0.95) (layers F.Cu F.Paste F.Mask) (roundrect_rratio 0.25)
      (net 1 GND))
    (model ${KISYS3DMOD}/Capacitor_SMD.3dshapes/C_0603_1608Metric.wrl
      (at (xyz 0 0 0))
      (scale (xyz 1 1 1))
      (rotate (xyz 0 0 0))
    )
  )

  (module Capacitor_SMD:C_0603_1608Metric (layer F.Cu) (tedit 5B301BBE) (tstamp 5E2217DC)
    (at 139.485001 70.505001)
    (descr "Capacitor SMD 0603 (1608 Metric), square (rectangular) end terminal, IPC_7351 nominal, (Body size source: http://www.tortai-tech.com/upload/download/2011102023233369053.pdf), generated with kicad-footprint-generator")
    (tags capacitor)
    (path /5E48AA41)
    (attr smd)
    (fp_text reference C9 (at 0 -1.43) (layer F.SilkS)
      (effects (font (size 1 1) (thickness 0.15)))
    )
    (fp_text value 0.1uF (at 0 1.43) (layer F.Fab)
      (effects (font (size 1 1) (thickness 0.15)))
    )
    (fp_text user %R (at 0 0) (layer F.Fab)
      (effects (font (size 0.4 0.4) (thickness 0.06)))
    )
    (fp_line (start 1.48 0.73) (end -1.48 0.73) (layer F.CrtYd) (width 0.05))
    (fp_line (start 1.48 -0.73) (end 1.48 0.73) (layer F.CrtYd) (width 0.05))
    (fp_line (start -1.48 -0.73) (end 1.48 -0.73) (layer F.CrtYd) (width 0.05))
    (fp_line (start -1.48 0.73) (end -1.48 -0.73) (layer F.CrtYd) (width 0.05))
    (fp_line (start -0.162779 0.51) (end 0.162779 0.51) (layer F.SilkS) (width 0.12))
    (fp_line (start -0.162779 -0.51) (end 0.162779 -0.51) (layer F.SilkS) (width 0.12))
    (fp_line (start 0.8 0.4) (end -0.8 0.4) (layer F.Fab) (width 0.1))
    (fp_line (start 0.8 -0.4) (end 0.8 0.4) (layer F.Fab) (width 0.1))
    (fp_line (start -0.8 -0.4) (end 0.8 -0.4) (layer F.Fab) (width 0.1))
    (fp_line (start -0.8 0.4) (end -0.8 -0.4) (layer F.Fab) (width 0.1))
    (pad 2 smd roundrect (at 0.7875 0) (size 0.875 0.95) (layers F.Cu F.Paste F.Mask) (roundrect_rratio 0.25)
      (net 1 GND))
    (pad 1 smd roundrect (at -0.7875 0) (size 0.875 0.95) (layers F.Cu F.Paste F.Mask) (roundrect_rratio 0.25)
      (net 3 +1V8))
    (model ${KISYS3DMOD}/Capacitor_SMD.3dshapes/C_0603_1608Metric.wrl
      (at (xyz 0 0 0))
      (scale (xyz 1 1 1))
      (rotate (xyz 0 0 0))
    )
  )

  (module Capacitor_SMD:C_0603_1608Metric (layer F.Cu) (tedit 5B301BBE) (tstamp 5E2217ED)
    (at 140.415001 67.995001)
    (descr "Capacitor SMD 0603 (1608 Metric), square (rectangular) end terminal, IPC_7351 nominal, (Body size source: http://www.tortai-tech.com/upload/download/2011102023233369053.pdf), generated with kicad-footprint-generator")
    (tags capacitor)
    (path /5E48AA75)
    (attr smd)
    (fp_text reference C10 (at 0 -1.43) (layer F.SilkS)
      (effects (font (size 1 1) (thickness 0.15)))
    )
    (fp_text value 0.1uF (at 0 1.43) (layer F.Fab)
      (effects (font (size 1 1) (thickness 0.15)))
    )
    (fp_line (start -0.8 0.4) (end -0.8 -0.4) (layer F.Fab) (width 0.1))
    (fp_line (start -0.8 -0.4) (end 0.8 -0.4) (layer F.Fab) (width 0.1))
    (fp_line (start 0.8 -0.4) (end 0.8 0.4) (layer F.Fab) (width 0.1))
    (fp_line (start 0.8 0.4) (end -0.8 0.4) (layer F.Fab) (width 0.1))
    (fp_line (start -0.162779 -0.51) (end 0.162779 -0.51) (layer F.SilkS) (width 0.12))
    (fp_line (start -0.162779 0.51) (end 0.162779 0.51) (layer F.SilkS) (width 0.12))
    (fp_line (start -1.48 0.73) (end -1.48 -0.73) (layer F.CrtYd) (width 0.05))
    (fp_line (start -1.48 -0.73) (end 1.48 -0.73) (layer F.CrtYd) (width 0.05))
    (fp_line (start 1.48 -0.73) (end 1.48 0.73) (layer F.CrtYd) (width 0.05))
    (fp_line (start 1.48 0.73) (end -1.48 0.73) (layer F.CrtYd) (width 0.05))
    (fp_text user %R (at 0 0) (layer F.Fab)
      (effects (font (size 0.4 0.4) (thickness 0.06)))
    )
    (pad 1 smd roundrect (at -0.7875 0) (size 0.875 0.95) (layers F.Cu F.Paste F.Mask) (roundrect_rratio 0.25)
      (net 4 +3V3))
    (pad 2 smd roundrect (at 0.7875 0) (size 0.875 0.95) (layers F.Cu F.Paste F.Mask) (roundrect_rratio 0.25)
      (net 1 GND))
    (model ${KISYS3DMOD}/Capacitor_SMD.3dshapes/C_0603_1608Metric.wrl
      (at (xyz 0 0 0))
      (scale (xyz 1 1 1))
      (rotate (xyz 0 0 0))
    )
  )

  (module Capacitor_SMD:C_0603_1608Metric (layer F.Cu) (tedit 5B301BBE) (tstamp 5E2217FE)
    (at 143.495001 70.505001)
    (descr "Capacitor SMD 0603 (1608 Metric), square (rectangular) end terminal, IPC_7351 nominal, (Body size source: http://www.tortai-tech.com/upload/download/2011102023233369053.pdf), generated with kicad-footprint-generator")
    (tags capacitor)
    (path /5E2C5B52)
    (attr smd)
    (fp_text reference C11 (at 0 -1.43) (layer F.SilkS)
      (effects (font (size 1 1) (thickness 0.15)))
    )
    (fp_text value 0.1uF (at 0 1.43) (layer F.Fab)
      (effects (font (size 1 1) (thickness 0.15)))
    )
    (fp_line (start -0.8 0.4) (end -0.8 -0.4) (layer F.Fab) (width 0.1))
    (fp_line (start -0.8 -0.4) (end 0.8 -0.4) (layer F.Fab) (width 0.1))
    (fp_line (start 0.8 -0.4) (end 0.8 0.4) (layer F.Fab) (width 0.1))
    (fp_line (start 0.8 0.4) (end -0.8 0.4) (layer F.Fab) (width 0.1))
    (fp_line (start -0.162779 -0.51) (end 0.162779 -0.51) (layer F.SilkS) (width 0.12))
    (fp_line (start -0.162779 0.51) (end 0.162779 0.51) (layer F.SilkS) (width 0.12))
    (fp_line (start -1.48 0.73) (end -1.48 -0.73) (layer F.CrtYd) (width 0.05))
    (fp_line (start -1.48 -0.73) (end 1.48 -0.73) (layer F.CrtYd) (width 0.05))
    (fp_line (start 1.48 -0.73) (end 1.48 0.73) (layer F.CrtYd) (width 0.05))
    (fp_line (start 1.48 0.73) (end -1.48 0.73) (layer F.CrtYd) (width 0.05))
    (fp_text user %R (at 0 0) (layer F.Fab)
      (effects (font (size 0.4 0.4) (thickness 0.06)))
    )
    (pad 1 smd roundrect (at -0.7875 0) (size 0.875 0.95) (layers F.Cu F.Paste F.Mask) (roundrect_rratio 0.25)
      (net 4 +3V3))
    (pad 2 smd roundrect (at 0.7875 0) (size 0.875 0.95) (layers F.Cu F.Paste F.Mask) (roundrect_rratio 0.25)
      (net 1 GND))
    (model ${KISYS3DMOD}/Capacitor_SMD.3dshapes/C_0603_1608Metric.wrl
      (at (xyz 0 0 0))
      (scale (xyz 1 1 1))
      (rotate (xyz 0 0 0))
    )
  )

  (module Capacitor_SMD:C_0603_1608Metric (layer F.Cu) (tedit 5B301BBE) (tstamp 5E22180F)
    (at 143.495001 73.015001)
    (descr "Capacitor SMD 0603 (1608 Metric), square (rectangular) end terminal, IPC_7351 nominal, (Body size source: http://www.tortai-tech.com/upload/download/2011102023233369053.pdf), generated with kicad-footprint-generator")
    (tags capacitor)
    (path /5E2DB6BF)
    (attr smd)
    (fp_text reference C12 (at 0 -1.43) (layer F.SilkS)
      (effects (font (size 1 1) (thickness 0.15)))
    )
    (fp_text value 0.1uF (at 0 1.43) (layer F.Fab)
      (effects (font (size 1 1) (thickness 0.15)))
    )
    (fp_text user %R (at 0 0) (layer F.Fab)
      (effects (font (size 0.4 0.4) (thickness 0.06)))
    )
    (fp_line (start 1.48 0.73) (end -1.48 0.73) (layer F.CrtYd) (width 0.05))
    (fp_line (start 1.48 -0.73) (end 1.48 0.73) (layer F.CrtYd) (width 0.05))
    (fp_line (start -1.48 -0.73) (end 1.48 -0.73) (layer F.CrtYd) (width 0.05))
    (fp_line (start -1.48 0.73) (end -1.48 -0.73) (layer F.CrtYd) (width 0.05))
    (fp_line (start -0.162779 0.51) (end 0.162779 0.51) (layer F.SilkS) (width 0.12))
    (fp_line (start -0.162779 -0.51) (end 0.162779 -0.51) (layer F.SilkS) (width 0.12))
    (fp_line (start 0.8 0.4) (end -0.8 0.4) (layer F.Fab) (width 0.1))
    (fp_line (start 0.8 -0.4) (end 0.8 0.4) (layer F.Fab) (width 0.1))
    (fp_line (start -0.8 -0.4) (end 0.8 -0.4) (layer F.Fab) (width 0.1))
    (fp_line (start -0.8 0.4) (end -0.8 -0.4) (layer F.Fab) (width 0.1))
    (pad 2 smd roundrect (at 0.7875 0) (size 0.875 0.95) (layers F.Cu F.Paste F.Mask) (roundrect_rratio 0.25)
      (net 1 GND))
    (pad 1 smd roundrect (at -0.7875 0) (size 0.875 0.95) (layers F.Cu F.Paste F.Mask) (roundrect_rratio 0.25)
      (net 4 +3V3))
    (model ${KISYS3DMOD}/Capacitor_SMD.3dshapes/C_0603_1608Metric.wrl
      (at (xyz 0 0 0))
      (scale (xyz 1 1 1))
      (rotate (xyz 0 0 0))
    )
  )

  (module myfootprint:61083-063402LF (layer B.Cu) (tedit 5E206234) (tstamp 5E227141)
    (at 132.75 138.55)
    (path /5E1B12AC)
    (fp_text reference J1 (at 0 -5.08) (layer B.SilkS)
      (effects (font (size 1 1) (thickness 0.15)) (justify mirror))
    )
    (fp_text value 61083-063402LF (at 0 5.08) (layer B.Fab)
      (effects (font (size 1 1) (thickness 0.15)) (justify mirror))
    )
    (fp_line (start -15 3.5) (end -15 -3.5) (layer B.SilkS) (width 0.12))
    (fp_line (start -15 -3.5) (end 15 -3.5) (layer B.SilkS) (width 0.12))
    (fp_line (start 15 -3.5) (end 15 3.5) (layer B.SilkS) (width 0.12))
    (fp_line (start 15 3.5) (end -15 3.5) (layer B.SilkS) (width 0.12))
    (fp_line (start -13.5 3.5) (end -15 2) (layer B.SilkS) (width 0.12))
    (pad 1 smd rect (at -11.6 2.1) (size 0.5 2) (layers B.Cu B.Paste B.Mask)
      (net 5 /HS_SPI1_MOSI))
    (pad 2 smd rect (at -11.6 -2.1) (size 0.5 2) (layers B.Cu B.Paste B.Mask)
      (net 6 /HS_CSI0_CLK_P))
    (pad 3 smd rect (at -10.8 2.1) (size 0.5 2) (layers B.Cu B.Paste B.Mask)
      (net 7 "Net-(J1-Pad3)"))
    (pad 4 smd rect (at -10.8 -2.1) (size 0.5 2) (layers B.Cu B.Paste B.Mask)
      (net 8 /HS_CSI0_CLK_N))
    (pad 5 smd rect (at -10 2.1) (size 0.5 2) (layers B.Cu B.Paste B.Mask)
      (net 9 "Net-(J1-Pad5)"))
    (pad 6 smd rect (at -10 -2.1) (size 0.5 2) (layers B.Cu B.Paste B.Mask)
      (net 1 GND))
    (pad 7 smd rect (at -9.2 2.1) (size 0.5 2) (layers B.Cu B.Paste B.Mask)
      (net 10 /HS_SPI1_CS))
    (pad 8 smd rect (at -9.2 -2.1) (size 0.5 2) (layers B.Cu B.Paste B.Mask)
      (net 11 /HS_CSI0_D0_P))
    (pad 9 smd rect (at -8.4 2.1) (size 0.5 2) (layers B.Cu B.Paste B.Mask)
      (net 12 /HS_SPI1_SCLK))
    (pad 10 smd rect (at -8.4 -2.1) (size 0.5 2) (layers B.Cu B.Paste B.Mask)
      (net 13 /HS_CSI0_D0_N))
    (pad 11 smd rect (at -7.6 2.1) (size 0.5 2) (layers B.Cu B.Paste B.Mask)
      (net 14 /HS_SPI1_MISO))
    (pad 12 smd rect (at -7.6 -2.1) (size 0.5 2) (layers B.Cu B.Paste B.Mask)
      (net 1 GND))
    (pad 13 smd rect (at -6.8 2.1) (size 0.5 2) (layers B.Cu B.Paste B.Mask)
      (net 1 GND))
    (pad 14 smd rect (at -6.8 -2.1) (size 0.5 2) (layers B.Cu B.Paste B.Mask)
      (net 15 /HS_CSI0_D1_P))
    (pad 15 smd rect (at -6 2.1) (size 0.5 2) (layers B.Cu B.Paste B.Mask)
      (net 16 /HS_CSI0_MCLK))
    (pad 16 smd rect (at -6 -2.1) (size 0.5 2) (layers B.Cu B.Paste B.Mask)
      (net 17 /HS_CSI0_D1_N))
    (pad 17 smd rect (at -5.2 2.1) (size 0.5 2) (layers B.Cu B.Paste B.Mask)
      (net 18 /HS_CSI1_MCLK))
    (pad 18 smd rect (at -5.2 -2.1) (size 0.5 2) (layers B.Cu B.Paste B.Mask)
      (net 1 GND))
    (pad 19 smd rect (at -4.4 2.1) (size 0.5 2) (layers B.Cu B.Paste B.Mask)
      (net 1 GND))
    (pad 20 smd rect (at -4.4 -2.1) (size 0.5 2) (layers B.Cu B.Paste B.Mask)
      (net 19 /HS_CSI0_D2_P))
    (pad 21 smd rect (at -3.6 2.1) (size 0.5 2) (layers B.Cu B.Paste B.Mask)
      (net 20 /HS_DSI_CLK_P))
    (pad 22 smd rect (at -3.6 -2.1) (size 0.5 2) (layers B.Cu B.Paste B.Mask)
      (net 21 /HS_CSI0_D2_N))
    (pad 23 smd rect (at -2.8 2.1) (size 0.5 2) (layers B.Cu B.Paste B.Mask)
      (net 22 /HS_DSI_CLK_N))
    (pad 24 smd rect (at -2.8 -2.1) (size 0.5 2) (layers B.Cu B.Paste B.Mask)
      (net 1 GND))
    (pad 25 smd rect (at -2 2.1) (size 0.5 2) (layers B.Cu B.Paste B.Mask)
      (net 1 GND))
    (pad 26 smd rect (at -2 -2.1) (size 0.5 2) (layers B.Cu B.Paste B.Mask)
      (net 23 /HS_CSI0_D3_P))
    (pad 27 smd rect (at -1.2 2.1) (size 0.5 2) (layers B.Cu B.Paste B.Mask)
      (net 24 /HS_DSI_D0_P))
    (pad 28 smd rect (at -1.2 -2.1) (size 0.5 2) (layers B.Cu B.Paste B.Mask)
      (net 25 /HS_CSI0_D3_N))
    (pad 29 smd rect (at -0.4 2.1) (size 0.5 2) (layers B.Cu B.Paste B.Mask)
      (net 26 /HS_DSI_D0_N))
    (pad 30 smd rect (at -0.4 -2.1) (size 0.5 2) (layers B.Cu B.Paste B.Mask)
      (net 1 GND))
    (pad 31 smd rect (at 0.4 2.1) (size 0.5 2) (layers B.Cu B.Paste B.Mask)
      (net 1 GND))
    (pad 32 smd rect (at 0.4 -2.1) (size 0.5 2) (layers B.Cu B.Paste B.Mask)
      (net 27 /HS_I2C2_SCL))
    (pad 33 smd rect (at 1.2 2.1) (size 0.5 2) (layers B.Cu B.Paste B.Mask)
      (net 28 /HS_DSI_D1_P))
    (pad 34 smd rect (at 1.2 -2.1) (size 0.5 2) (layers B.Cu B.Paste B.Mask)
      (net 29 /HS_I2C2_SDA))
    (pad 35 smd rect (at 2 2.1) (size 0.5 2) (layers B.Cu B.Paste B.Mask)
      (net 30 /HS_DSI_D1_N))
    (pad 36 smd rect (at 2 -2.1) (size 0.5 2) (layers B.Cu B.Paste B.Mask)
      (net 31 /HS_I2C3_SCL))
    (pad 37 smd rect (at 2.8 2.1) (size 0.5 2) (layers B.Cu B.Paste B.Mask)
      (net 1 GND))
    (pad 38 smd rect (at 2.8 -2.1) (size 0.5 2) (layers B.Cu B.Paste B.Mask)
      (net 32 /HS_I2C3_SDA))
    (pad 39 smd rect (at 3.6 2.1) (size 0.5 2) (layers B.Cu B.Paste B.Mask)
      (net 33 /HS_DSI_D2_P))
    (pad 40 smd rect (at 3.6 -2.1) (size 0.5 2) (layers B.Cu B.Paste B.Mask)
      (net 1 GND))
    (pad 41 smd rect (at 4.4 2.1) (size 0.5 2) (layers B.Cu B.Paste B.Mask)
      (net 34 /HS_DSI_D2_N))
    (pad 42 smd rect (at 4.4 -2.1) (size 0.5 2) (layers B.Cu B.Paste B.Mask)
      (net 35 /HS_CSI1_D0_P))
    (pad 43 smd rect (at 5.2 2.1) (size 0.5 2) (layers B.Cu B.Paste B.Mask)
      (net 1 GND))
    (pad 44 smd rect (at 5.2 -2.1) (size 0.5 2) (layers B.Cu B.Paste B.Mask)
      (net 36 /HS_CSI1_D0_N))
    (pad 45 smd rect (at 6 2.1) (size 0.5 2) (layers B.Cu B.Paste B.Mask)
      (net 37 /HS_DSI_D3_P))
    (pad 46 smd rect (at 6 -2.1) (size 0.5 2) (layers B.Cu B.Paste B.Mask)
      (net 1 GND))
    (pad 47 smd rect (at 6.8 2.1) (size 0.5 2) (layers B.Cu B.Paste B.Mask)
      (net 38 /HS_DSI_D3_N))
    (pad 48 smd rect (at 6.8 -2.1) (size 0.5 2) (layers B.Cu B.Paste B.Mask)
      (net 39 /HS_CSI1_D1_P))
    (pad 49 smd rect (at 7.6 2.1) (size 0.5 2) (layers B.Cu B.Paste B.Mask)
      (net 1 GND))
    (pad 50 smd rect (at 7.6 -2.1) (size 0.5 2) (layers B.Cu B.Paste B.Mask)
      (net 40 /HS_CSI1_D1_N))
    (pad 51 smd rect (at 8.4 2.1) (size 0.5 2) (layers B.Cu B.Paste B.Mask)
      (net 41 /HS_USB2D3_P))
    (pad 52 smd rect (at 8.4 -2.1) (size 0.5 2) (layers B.Cu B.Paste B.Mask)
      (net 1 GND))
    (pad 53 smd rect (at 9.2 2.1) (size 0.5 2) (layers B.Cu B.Paste B.Mask)
      (net 42 /HS_USB2D3_N))
    (pad 54 smd rect (at 9.2 -2.1) (size 0.5 2) (layers B.Cu B.Paste B.Mask)
      (net 43 /HS_CSI1_CLK_P))
    (pad 55 smd rect (at 10 2.1) (size 0.5 2) (layers B.Cu B.Paste B.Mask)
      (net 1 GND))
    (pad 56 smd rect (at 10 -2.1) (size 0.5 2) (layers B.Cu B.Paste B.Mask)
      (net 44 "Net-(J1-Pad56)"))
    (pad 57 smd rect (at 10.8 2.1) (size 0.5 2) (layers B.Cu B.Paste B.Mask)
      (net 45 "Net-(J1-Pad57)"))
    (pad 58 smd rect (at 10.8 -2.1) (size 0.5 2) (layers B.Cu B.Paste B.Mask)
      (net 1 GND))
    (pad 59 smd rect (at 11.6 2.1) (size 0.5 2) (layers B.Cu B.Paste B.Mask)
      (net 46 "Net-(J1-Pad59)"))
    (pad 60 smd rect (at 11.6 -2.1) (size 0.5 2) (layers B.Cu B.Paste B.Mask)
      (net 47 "Net-(J1-Pad60)"))
    (pad "" np_thru_hole circle (at -14.1 0) (size 0.8 0.8) (drill 0.762) (layers *.Cu *.Mask))
    (pad "" np_thru_hole circle (at 14.1 0) (size 1.2 1.2) (drill 0.762) (layers *.Cu *.Mask))
  )

  (module Connector_PinHeader_2.00mm:PinHeader_2x20_P2.00mm_Vertical (layer F.Cu) (tedit 59FED667) (tstamp 5E221894)
    (at 110 105 90)
    (descr "Through hole straight pin header, 2x20, 2.00mm pitch, double rows")
    (tags "Through hole pin header THT 2x20 2.00mm double row")
    (path /5E2663F6)
    (fp_text reference J2 (at 1 -2.06 90) (layer F.SilkS)
      (effects (font (size 1 1) (thickness 0.15)))
    )
    (fp_text value 10075024-G01-20ULF (at 1 40.06 90) (layer F.Fab)
      (effects (font (size 1 1) (thickness 0.15)))
    )
    (fp_line (start 0 -1) (end 3 -1) (layer F.Fab) (width 0.1))
